local library = loadstring(game:HttpGet("https://raw.githubusercontent.com/naypramx/Ui__Project/Script/XeNonUi", true))()
library:CreateWatermark("AnSitHub | Blox Fruits")
local CenterHubNo1 = library:CreateWindow("AnSitHub | Blox Fruits                 [Right Control]",Enum.KeyCode.RightControl)
local Tab = CenterHubNo1:CreateTab("Main")
local Sector1 = Tab:CreateSector("Mod","left")
Sector1:AddLabel("|Fun|")
Sector1:AddSeperator("Transformation V4")
Sector1:AddButton("Mink",function()
require(game:GetService("ReplicatedStorage").Notification).new("Mink V4!"):Display();
wait()
setthreadcontext(5)

local ReplicatedStorage = game:GetService("ReplicatedStorage")

local Player = game:GetService("Players").LocalPlayer

local ArgsTransform = {
	Character = game.Players.LocalPlayer.Character,
	CFrame = game.Players.LocalPlayer.Character.HumanoidRootPart.CFrame,
	Color1 = Color3.fromRGB(102, 255, 153),
	Color2 = Color3.fromRGB(102, 255, 153),
	Color3 = Color3.fromRGB(102, 255, 153),
}

Player.Character.Humanoid:LoadAnimation(ReplicatedStorage.Util.Anims.Storage["2"].RaceTransform):Play()

delay(1, function()
	pcall(function() require(ReplicatedStorage.Effect.Container.RaceTransformation.Main)(ArgsTransform) end)
end)

end)
Sector1:AddButton("Fishman",function()
require(game:GetService("ReplicatedStorage").Notification).new("Fishman V4!"):Display();
wait()
setthreadcontext(5)

local ReplicatedStorage = game:GetService("ReplicatedStorage")

local Player = game:GetService("Players").LocalPlayer

local ArgsTransform = {
	Character = game.Players.LocalPlayer.Character,
	CFrame = game.Players.LocalPlayer.Character.HumanoidRootPart.CFrame,
	Color1 = Color3.fromRGB(5, 115, 166),
	Color2 = Color3.fromRGB(5, 115, 166),
	Color3 = Color3.fromRGB(5, 115, 166),
}

Player.Character.Humanoid:LoadAnimation(ReplicatedStorage.Util.Anims.Storage["2"].RaceTransform):Play()

delay(1, function()
	pcall(function() require(ReplicatedStorage.Effect.Container.RaceTransformation.Main)(ArgsTransform) end)
end)

end)
Sector1:AddButton("Skypeian",function()
require(game:GetService("ReplicatedStorage").Notification).new("Skypeian V4!"):Display();
wait()
setthreadcontext(5)

local ReplicatedStorage = game:GetService("ReplicatedStorage")

local Player = game:GetService("Players").LocalPlayer

local ArgsTransform = {
	Character = game.Players.LocalPlayer.Character,
	CFrame = game.Players.LocalPlayer.Character.HumanoidRootPart.CFrame,
	Color1 = Color3.fromRGB(222, 222, 0),
	Color2 = Color3.fromRGB(222, 222, 0),
	Color3 = Color3.fromRGB(222, 222, 0),
}

Player.Character.Humanoid:LoadAnimation(ReplicatedStorage.Util.Anims.Storage["2"].RaceTransform):Play()

delay(1, function()
	pcall(function() require(ReplicatedStorage.Effect.Container.RaceTransformation.Main)(ArgsTransform) end)
end)

end)
Sector1:AddButton("Ghoul",function()
require(game:GetService("ReplicatedStorage").Notification).new("Ghoul V4!"):Display();
wait()
setthreadcontext(5)

local ReplicatedStorage = game:GetService("ReplicatedStorage")

local Player = game:GetService("Players").LocalPlayer

local ArgsTransform = {
	Character = game.Players.LocalPlayer.Character,
	CFrame = game.Players.LocalPlayer.Character.HumanoidRootPart.CFrame,
	Color1 = Color3.fromRGB(155, 155, 155),
	Color2 = Color3.fromRGB(0, 0, 0),
	Color3 = Color3.fromRGB(155, 155, 155),
}

Player.Character.Humanoid:LoadAnimation(ReplicatedStorage.Util.Anims.Storage["2"].RaceTransform):Play()

delay(1, function()
	pcall(function() require(ReplicatedStorage.Effect.Container.RaceTransformation.Main)(ArgsTransform) end)
end)


end)
Sector1:AddButton("Cyborg",function()
require(game:GetService("ReplicatedStorage").Notification).new("Cyborg V4!"):Display();
wait()
setthreadcontext(5)

local ReplicatedStorage = game:GetService("ReplicatedStorage")

local Player = game:GetService("Players").LocalPlayer

local ArgsTransform = {
	Character = game.Players.LocalPlayer.Character,
	CFrame = game.Players.LocalPlayer.Character.HumanoidRootPart.CFrame,
	Color1 = Color3.fromRGB(166, 0, 111),
	Color2 = Color3.fromRGB(166, 0, 111),
	Color3 = Color3.fromRGB(166, 0, 111),
}

Player.Character.Humanoid:LoadAnimation(ReplicatedStorage.Util.Anims.Storage["2"].RaceTransform):Play()

delay(1, function()
	pcall(function() require(ReplicatedStorage.Effect.Container.RaceTransformation.Main)(ArgsTransform) end)
end)

end)
Sector1:AddButton("Human",function()
require(game:GetService("ReplicatedStorage").Notification).new("Human V4!"):Display();
wait()
setthreadcontext(5)

local ReplicatedStorage = game:GetService("ReplicatedStorage")

local Player = game:GetService("Players").LocalPlayer

local ArgsTransform = {
	Character = game.Players.LocalPlayer.Character,
	CFrame = game.Players.LocalPlayer.Character.HumanoidRootPart.CFrame,
	Color1 = Color3.fromRGB(166, 0, 0),
	Color2 = Color3.fromRGB(166, 0, 0),
	Color3 = Color3.fromRGB(166, 0, 0),
}

Player.Character.Humanoid:LoadAnimation(ReplicatedStorage.Util.Anims.Storage["2"].RaceTransform):Play()

delay(1, function()
	pcall(function() require(ReplicatedStorage.Effect.Container.RaceTransformation.Main)(ArgsTransform) end)
end)

end)
Sector1:AddButton("??? race",function()
require(game:GetService("ReplicatedStorage").Notification).new("race ???!"):Display();
wait()
setthreadcontext(5)

local ReplicatedStorage = game:GetService("ReplicatedStorage")

local Player = game:GetService("Players").LocalPlayer

local ArgsTransform = {
	Character = game.Players.LocalPlayer.Character,
	CFrame = game.Players.LocalPlayer.Character.HumanoidRootPart.CFrame,
	Color1 = Color3.fromRGB(0, 0, 0),
	Color2 = Color3.fromRGB(166, 0, 0),
	Color3 = Color3.fromRGB(0, 0, 0),
}

Player.Character.Humanoid:LoadAnimation(ReplicatedStorage.Util.Anims.Storage["2"].RaceTransform):Play()

delay(1, function()
	pcall(function() require(ReplicatedStorage.Effect.Container.RaceTransformation.Main)(ArgsTransform) end)
end)

end)
Sector1:AddButton("All race v4 (Lag)",function()
require(game:GetService("ReplicatedStorage").Notification).new("Warning, it's lag!"):Display();
wait()
setthreadcontext(5)

local ReplicatedStorage = game:GetService("ReplicatedStorage")

local Player = game:GetService("Players").LocalPlayer

local ArgsTransform = {
	Character = game.Players.LocalPlayer.Character,
	CFrame = game.Players.LocalPlayer.Character.HumanoidRootPart.CFrame,
	Color1 = Color3.fromRGB(166, 0, 0),
	Color2 = Color3.fromRGB(166, 0, 0),
	Color3 = Color3.fromRGB(166, 0, 0),
}

Player.Character.Humanoid:LoadAnimation(ReplicatedStorage.Util.Anims.Storage["2"].RaceTransform):Play()

delay(1, function()
	pcall(function() require(ReplicatedStorage.Effect.Container.RaceTransformation.Main)(ArgsTransform) end)
end)

setthreadcontext(5)

local ReplicatedStorage = game:GetService("ReplicatedStorage")

local Player = game:GetService("Players").LocalPlayer

local ArgsTransform = {
	Character = game.Players.LocalPlayer.Character,
	CFrame = game.Players.LocalPlayer.Character.HumanoidRootPart.CFrame,
	Color1 = Color3.fromRGB(166, 0, 111),
	Color2 = Color3.fromRGB(166, 0, 111),
	Color3 = Color3.fromRGB(166, 0, 111),
}

Player.Character.Humanoid:LoadAnimation(ReplicatedStorage.Util.Anims.Storage["2"].RaceTransform):Play()

delay(1, function()
	pcall(function() require(ReplicatedStorage.Effect.Container.RaceTransformation.Main)(ArgsTransform) end)
end)

setthreadcontext(5)

local ReplicatedStorage = game:GetService("ReplicatedStorage")

local Player = game:GetService("Players").LocalPlayer

local ArgsTransform = {
	Character = game.Players.LocalPlayer.Character,
	CFrame = game.Players.LocalPlayer.Character.HumanoidRootPart.CFrame,
	Color1 = Color3.fromRGB(155, 155, 155),
	Color2 = Color3.fromRGB(0, 0, 0),
	Color3 = Color3.fromRGB(155, 155, 155),
}

Player.Character.Humanoid:LoadAnimation(ReplicatedStorage.Util.Anims.Storage["2"].RaceTransform):Play()

delay(1, function()
	pcall(function() require(ReplicatedStorage.Effect.Container.RaceTransformation.Main)(ArgsTransform) end)
end)

setthreadcontext(5)

local ReplicatedStorage = game:GetService("ReplicatedStorage")

local Player = game:GetService("Players").LocalPlayer

local ArgsTransform = {
	Character = game.Players.LocalPlayer.Character,
	CFrame = game.Players.LocalPlayer.Character.HumanoidRootPart.CFrame,
	Color1 = Color3.fromRGB(222, 222, 0),
	Color2 = Color3.fromRGB(222, 222, 0),
	Color3 = Color3.fromRGB(222, 222, 0),
}

Player.Character.Humanoid:LoadAnimation(ReplicatedStorage.Util.Anims.Storage["2"].RaceTransform):Play()

delay(1, function()
	pcall(function() require(ReplicatedStorage.Effect.Container.RaceTransformation.Main)(ArgsTransform) end)
end)

setthreadcontext(5)

local ReplicatedStorage = game:GetService("ReplicatedStorage")

local Player = game:GetService("Players").LocalPlayer

local ArgsTransform = {
	Character = game.Players.LocalPlayer.Character,
	CFrame = game.Players.LocalPlayer.Character.HumanoidRootPart.CFrame,
	Color1 = Color3.fromRGB(5, 115, 166),
	Color2 = Color3.fromRGB(5, 115, 166),
	Color3 = Color3.fromRGB(5, 115, 166),
}

Player.Character.Humanoid:LoadAnimation(ReplicatedStorage.Util.Anims.Storage["2"].RaceTransform):Play()

delay(1, function()
	pcall(function() require(ReplicatedStorage.Effect.Container.RaceTransformation.Main)(ArgsTransform) end)
end)

setthreadcontext(5)

local ReplicatedStorage = game:GetService("ReplicatedStorage")

local Player = game:GetService("Players").LocalPlayer

local ArgsTransform = {
	Character = game.Players.LocalPlayer.Character,
	CFrame = game.Players.LocalPlayer.Character.HumanoidRootPart.CFrame,
	Color1 = Color3.fromRGB(102, 255, 153),
	Color2 = Color3.fromRGB(102, 255, 153),
	Color3 = Color3.fromRGB(102, 255, 153),
}

Player.Character.Humanoid:LoadAnimation(ReplicatedStorage.Util.Anims.Storage["2"].RaceTransform):Play()

delay(1, function()
	pcall(function() require(ReplicatedStorage.Effect.Container.RaceTransformation.Main)(ArgsTransform) end)
end)

end)
Sector1:AddSeperator("Race V4")
Sector1:AddButton("open Door Race V4",function()
local lTemple_of_Time1 = workspace.Map:FindFirstChild("Temple of Time");
local lTweenService1 = game:GetService("TweenService");
 lTweenService1:Create(lTemple_of_Time1.MainDoor1, TweenInfo.new(4.5, Enum.EasingStyle.Linear), {
        CFrame = lTemple_of_Time1.MainDoor1.CFrame * CFrame.new(0, -41.953, 0)
    }):Play();
    lTweenService1:Create(lTemple_of_Time1.MainDoor2, TweenInfo.new(4.5, Enum.EasingStyle.Linear), {
        CFrame = lTemple_of_Time1.MainDoor2.CFrame * CFrame.new(0, -41.953, 0)
    }):Play();
local temple = game.Players.LocalPlayer.PlayerScripts:FindFirstChild("TemplePuzzle")
temple:Destroy()
local lTemple_of_Time1 = workspace.Map:FindFirstChild("Temple of Time");
local lTweenService1 = game:GetService("TweenService");
game:GetService("Workspace").Map["Temple of Time"].Lever.Prompt.ProximityPrompt.Triggered:Connect(function()
         require(game:GetService("ReplicatedStorage").Notification).new("The mysterious door opens."):Display();
          game:GetService("Workspace").Map["Temple of Time"].Lever.Prompt.ProximityPrompt:Destroy()
        lTemple_of_Time1.Lever.Mid.SFX:Play();
    lTemple_of_Time1.MainDoorSound.SFX:Play();
lTemple_of_Time1.Lever.Lever.CFrame = lTemple_of_Time1.Lever.Mid.CFrame * CFrame.Angles(0, 0, -1.5707963267948966) * CFrame.Angles(math.rad(v6.Value * 60 - 45), 0, 0) * CFrame.new(0, 3.6, 0);
    lTweenService1:Create(lTemple_of_Time1.MainDoor1, TweenInfo.new(4.5, Enum.EasingStyle.Linear), {
        CFrame = lTemple_of_Time1.MainDoor1.CFrame * CFrame.new(0, -41.953, 0)
    }):Play();
    lTweenService1:Create(lTemple_of_Time1.MainDoor2, TweenInfo.new(4.5, Enum.EasingStyle.Linear), {
        CFrame = lTemple_of_Time1.MainDoor2.CFrame * CFrame.new(0, -41.953, 0)
    }):Play();
end)
end)
local Sector1 = Tab:CreateSector("Auto Farm-Raid","left")
Sector1:AddLabel("|Auto Farm-Raid|")
Sector1:AddSeperator("Auto Farm-Raid")
Sector1:AddToggle("auto Click + hitbox",false,function(Fast)
_G.SO = Fast
while _G.SO do wait()
local CombatFramework = require(game:GetService("Players").LocalPlayer.PlayerScripts.CombatFramework)
local Camera = require(game.ReplicatedStorage.Util.CameraShaker)
Camera:Stop()

        if getupvalues(CombatFramework)[2]['activeController'].timeToNextAttack then
            getupvalues(CombatFramework)[2]['activeController'].timeToNextAttack = 0
            getupvalues(CombatFramework)[2]['activeController'].hitboxMagnitude = 25
            getupvalues(CombatFramework)[2]['activeController']:attack()
        end

end
end)
Sector1:AddToggle("Kill Aura",false,function(autofarm)
_G.AutoFarm = autofarm

function AutoFarm()
for i,v in pairs(game:GetService("Workspace").Enemies:GetDescendants()) do
   if v.ClassName == "Model" and v.Humanoid.Health > 0 then
   v.Humanoid.Health = Die
    end
end
end

while _G.AutoFarm do wait() -- Loop Auto farm
    pcall(function()
    AutoFarm()
    end)
end
end)
local Sector1 = Tab:CreateSector("Teleport","right")
Sector1:AddLabel("|Teleport|")
Sector1:AddSeperator("Fast Teleport")
Sector1:AddToggle("Castle on the Sea",false,function(tp1)
_G.TP1 = tp1
while _G.TP1 do wait()
game.Players.LocalPlayer.Character.HumanoidRootPart.CFrame = CFrame.new(-5056.13916, 314.54129, -3157.22949, 0.248250529, 6.7251964e-09, -0.968695879, -1.18966081e-08, 1, 3.89374755e-09, 0.968695879, 1.05575699e-08, 0.248250529)
end
end)
Sector1:AddToggle("Mansion",false,function(tp2)
_G.TP2 = tp2
while _G.TP2 do wait()
game.Players.LocalPlayer.Character.HumanoidRootPart.CFrame = CFrame.new(-12470.2334, 374.940247, -7547.47314, 0.0855913311, -9.62477831e-09, 0.996330321, -1.17083587e-07, 1, 1.97184775e-08, -0.996330321, -1.1834166e-07, 0.0855913311)
end
end)
Sector1:AddToggle("Hydra lsland",false,function(tp3)
_G.TP3 = tp3
while _G.TP3 do wait()
game.Players.LocalPlayer.Character.HumanoidRootPart.CFrame = CFrame.new(5743.40771, 668.055908, -277.919861, -0.997727513, -2.20296155e-08, -0.0673782527, -2.30514203e-08, 1, 1.43877452e-08, 0.0673782527, 1.59082134e-08, -0.997727513)
end
end)
Sector1:AddSeperator("Fast Teleport (Reset) 25% Fall")
Sector1:AddButton("Port Town",function()
game.Players.LocalPlayer.Character.HumanoidRootPart.CFrame = CFrame.new(-271.642944, 6.7557435, 5341.26855, 0.972130835, 2.93636955e-08, -0.23443903, -2.55617127e-08, 1, 1.92560385e-08, 0.23443903, -1.27267263e-08, 0.972130835)
wait()
game.Players.LocalPlayer.Character.Humanoid.Health = -10000
wait()
game.Players.LocalPlayer.Character.HumanoidRootPart.CFrame = CFrame.new(-271.642944, 6.7557435, 5341.26855, 0.972130835, 2.93636955e-08, -0.23443903, -2.55617127e-08, 1, 1.92560385e-08, 0.23443903, -1.27267263e-08, 0.972130835)
wait()
game.Players.LocalPlayer.Character.HumanoidRootPart.CFrame = CFrame.new(-271.642944, 6.7557435, 5341.26855, 0.972130835, 2.93636955e-08, -0.23443903, -2.55617127e-08, 1, 1.92560385e-08, 0.23443903, -1.27267263e-08, 0.972130835)
wait()
game.Players.LocalPlayer.Character.Humanoid.Health = -10000
wait()
game.Players.LocalPlayer.Character.HumanoidRootPart.CFrame = CFrame.new(-271.642944, 6.7557435, 5341.26855, 0.972130835, 2.93636955e-08, -0.23443903, -2.55617127e-08, 1, 1.92560385e-08, 0.23443903, -1.27267263e-08, 0.972130835)
end)
Sector1:AddButton("Gaint Tree",function()
game.Players.LocalPlayer.Character.HumanoidRootPart.CFrame = CFrame.new(2276.07471, 25.8785019, -6476.15771, 0.874622703, 0, -0.484804183, 0, 1, 0, 0.484804183, 0, 0.874622703)
wait()
game.Players.LocalPlayer.Character.Humanoid.Health = -10000
wait()
game.Players.LocalPlayer.Character.HumanoidRootPart.CFrame = CFrame.new(2276.07471, 25.8785019, -6476.15771, 0.874622703, 0, -0.484804183, 0, 1, 0, 0.484804183, 0, 0.874622703)
wait()
game.Players.LocalPlayer.Character.HumanoidRootPart.CFrame = CFrame.new(2276.07471, 25.8785019, -6476.15771, 0.874622703, 0, -0.484804183, 0, 1, 0, 0.484804183, 0, 0.874622703)
wait()
game.Players.LocalPlayer.Character.Humanoid.Health = -10000
wait()
game.Players.LocalPlayer.Character.HumanoidRootPart.CFrame = CFrame.new(2276.07471, 25.8785019, -6476.15771, 0.874622703, 0, -0.484804183, 0, 1, 0, 0.484804183, 0, 0.874622703)
end)
Sector1:AddButton("Peanut lsland",function()
game.Players.LocalPlayer.Character.HumanoidRootPart.CFrame = CFrame.new(-2061.48877, 38.1299133, -10204.042, -0.693523169, 1.70998629e-08, 0.720434308, 2.77166841e-08, 1, 2.94586133e-09, -0.720434308, 2.20110739e-08, -0.693523169)
wait()
game.Players.LocalPlayer.Character.Humanoid.Health = -10000
wait()
game.Players.LocalPlayer.Character.HumanoidRootPart.CFrame = CFrame.new(-2061.48877, 38.1299133, -10204.042, -0.693523169, 1.70998629e-08, 0.720434308, 2.77166841e-08, 1, 2.94586133e-09, -0.720434308, 2.20110739e-08, -0.693523169)
wait()
game.Players.LocalPlayer.Character.HumanoidRootPart.CFrame = CFrame.new(-2061.48877, 38.1299133, -10204.042, -0.693523169, 1.70998629e-08, 0.720434308, 2.77166841e-08, 1, 2.94586133e-09, -0.720434308, 2.20110739e-08, -0.693523169)
wait()
game.Players.LocalPlayer.Character.Humanoid.Health = -10000
wait()
game.Players.LocalPlayer.Character.HumanoidRootPart.CFrame = CFrame.new(-2061.48877, 38.1299133, -10204.042, -0.693523169, 1.70998629e-08, 0.720434308, 2.77166841e-08, 1, 2.94586133e-09, -0.720434308, 2.20110739e-08, -0.693523169)
end)
Sector1:AddButton("Ice Creame lsland",function()
game.Players.LocalPlayer.Character.HumanoidRootPart.CFrame = CFrame.new(-840.188477, 65.8452759, -10877.3789, -0.573598981, -3.1450277e-08, 0.819136262, -3.26479004e-08, 1, 1.55327928e-08, -0.819136262, -1.78334858e-08, -0.573598981)
wait()
game.Players.LocalPlayer.Character.Humanoid.Health = -10000
wait()
game.Players.LocalPlayer.Character.HumanoidRootPart.CFrame = CFrame.new(-840.188477, 65.8452759, -10877.3789, -0.573598981, -3.1450277e-08, 0.819136262, -3.26479004e-08, 1, 1.55327928e-08, -0.819136262, -1.78334858e-08, -0.573598981)
wait()
game.Players.LocalPlayer.Character.HumanoidRootPart.CFrame = CFrame.new(-840.188477, 65.8452759, -10877.3789, -0.573598981, -3.1450277e-08, 0.819136262, -3.26479004e-08, 1, 1.55327928e-08, -0.819136262, -1.78334858e-08, -0.573598981)
wait()
game.Players.LocalPlayer.Character.Humanoid.Health = -10000
wait()
game.Players.LocalPlayer.Character.HumanoidRootPart.CFrame = CFrame.new(-840.188477, 65.8452759, -10877.3789, -0.573598981, -3.1450277e-08, 0.819136262, -3.26479004e-08, 1, 1.55327928e-08, -0.819136262, -1.78334858e-08, -0.573598981)
end)
Sector1:AddButton("Sea of Treats 1",function()
game.Players.LocalPlayer.Character.HumanoidRootPart.CFrame = CFrame.new(-2106.06812, 37.8239136, -11908.5205, 0.173624352, 0, -0.984811962, 0, 1, 0, 0.984811962, 0, 0.173624352)
wait()
game.Players.LocalPlayer.Character.Humanoid.Health = -10000
wait()
game.Players.LocalPlayer.Character.HumanoidRootPart.CFrame = CFrame.new(-2106.06812, 37.8239136, -11908.5205, 0.173624352, 0, -0.984811962, 0, 1, 0, 0.984811962, 0, 0.173624352)
wait()
game.Players.LocalPlayer.Character.HumanoidRootPart.CFrame = CFrame.new(-2106.06812, 37.8239136, -11908.5205, 0.173624352, 0, -0.984811962, 0, 1, 0, 0.984811962, 0, 0.173624352)
wait()
game.Players.LocalPlayer.Character.Humanoid.Health = -10000
wait()
game.Players.LocalPlayer.Character.HumanoidRootPart.CFrame = CFrame.new(-2106.06812, 37.8239136, -11908.5205, 0.173624352, 0, -0.984811962, 0, 1, 0, 0.984811962, 0, 0.173624352)
end)
Sector1:AddButton("Sea of Treats 2",function()
game.Players.LocalPlayer.Character.HumanoidRootPart.CFrame = CFrame.new(1.42046833, 24.7601948, -12147.958, -0.819156229, -1.24802213e-07, -0.57357043, -9.22958847e-08, 1, -8.57740758e-08, 0.57357043, -1.73241776e-08, -0.819156229)
wait()
game.Players.LocalPlayer.Character.Humanoid.Health = -10000
wait()
game.Players.LocalPlayer.Character.HumanoidRootPart.CFrame = CFrame.new(1.42046833, 24.7601948, -12147.958, -0.819156229, -1.24802213e-07, -0.57357043, -9.22958847e-08, 1, -8.57740758e-08, 0.57357043, -1.73241776e-08, -0.819156229)
wait()
game.Players.LocalPlayer.Character.HumanoidRootPart.CFrame = CFrame.new(1.42046833, 24.7601948, -12147.958, -0.819156229, -1.24802213e-07, -0.57357043, -9.22958847e-08, 1, -8.57740758e-08, 0.57357043, -1.73241776e-08, -0.819156229)
wait()
game.Players.LocalPlayer.Character.Humanoid.Health = -10000
wait()
game.Players.LocalPlayer.Character.HumanoidRootPart.CFrame = CFrame.new(1.42046833, 24.7601948, -12147.958, -0.819156229, -1.24802213e-07, -0.57357043, -9.22958847e-08, 1, -8.57740758e-08, 0.57357043, -1.73241776e-08, -0.819156229)
end)
Sector1:AddButton("Graveyard lsland",function()
game.Players.LocalPlayer.Character.HumanoidRootPart.CFrame = CFrame.new(-9515.07324, 142.130615, 5537.58398, 1, 3.71000688e-08, -1.55603788e-13, -3.71000688e-08, 1, -7.87107055e-08, 1.52683611e-13, 7.87107055e-08, 1)
wait()
game.Players.LocalPlayer.Character.Humanoid.Health = -10000
wait()
game.Players.LocalPlayer.Character.HumanoidRootPart.CFrame = CFrame.new(-9515.07324, 142.130615, 5537.58398, 1, 3.71000688e-08, -1.55603788e-13, -3.71000688e-08, 1, -7.87107055e-08, 1.52683611e-13, 7.87107055e-08, 1)
wait()
game.Players.LocalPlayer.Character.HumanoidRootPart.CFrame = CFrame.new(-9515.07324, 142.130615, 5537.58398, 1, 3.71000688e-08, -1.55603788e-13, -3.71000688e-08, 1, -7.87107055e-08, 1.52683611e-13, 7.87107055e-08, 1)
wait()
game.Players.LocalPlayer.Character.Humanoid.Health = -10000
wait()
game.Players.LocalPlayer.Character.HumanoidRootPart.CFrame = CFrame.new(-9515.07324, 142.130615, 5537.58398, 1, 3.71000688e-08, -1.55603788e-13, -3.71000688e-08, 1, -7.87107055e-08, 1.52683611e-13, 7.87107055e-08, 1)
end)
Sector1:AddButton("PineApple Village",function()
game.Players.LocalPlayer.Character.HumanoidRootPart.CFrame = CFrame.new(-11336.1221, 331.748993, -10364.5312, -0.258864403, 0, -0.965913653, 0, 1, 0, 0.965913653, 0, -0.258864403)
wait()
game.Players.LocalPlayer.Character.Humanoid.Health = -10000
wait()
game.Players.LocalPlayer.Character.HumanoidRootPart.CFrame = CFrame.new(-11336.1221, 331.748993, -10364.5312, -0.258864403, 0, -0.965913653, 0, 1, 0, 0.965913653, 0, -0.258864403)
wait()
game.Players.LocalPlayer.Character.HumanoidRootPart.CFrame = CFrame.new(-11336.1221, 331.748993, -10364.5312, -0.258864403, 0, -0.965913653, 0, 1, 0, 0.965913653, 0, -0.258864403)
wait()
game.Players.LocalPlayer.Character.Humanoid.Health = -10000
wait()
game.Players.LocalPlayer.Character.HumanoidRootPart.CFrame = CFrame.new(-11336.1221, 331.748993, -10364.5312, -0.258864403, 0, -0.965913653, 0, 1, 0, 0.965913653, 0, -0.258864403)
end)
end)
